SIGU =

   -5.6996   -8.7131    2.8691    6.2869   -5.2953   -4.2362


SIGV =

   10.2265  -13.8157  -18.0112    9.2268   13.4387   21.9281


SIGW =

   24.9769   -3.1620    4.4194    6.0950  -14.0239   -4.0821


SIGZ =

    0.2083    0.2083    0.2083    0.2083    0.2083    0.2083


SIGNORM =

   29.7121  -25.4825  -10.5144   21.8171   -5.6721   13.8181


tau =

   -3.4114   -3.4114  -32.4649  -32.4649   -1.4927   -1.4927   -9.6806   -9.6806  -18.0714  -18.0714


SIGSUM =

   30.4854   26.3801   69.7512   65.7755   10.9300   22.0204   29.1691   20.1749   36.5852   38.6943



ВТОРОЕ СЕЧЕНИЕ:

SIGU =

   -2.7011   -4.1293    1.3597    2.9795   -2.5095   -2.0076


SIGV =

    2.4555   -3.3173   -4.3247    2.2155    3.2268    5.2652


SIGW =

    1.0191   -0.1290    0.1803    0.2487   -0.5722   -0.1666


SIGZ =

    0.2083    0.2083    0.2083    0.2083    0.2083    0.2083


SIGNORM =

    0.9819   -7.3673   -2.5764    5.6520    0.3534    3.2994


tau =

   -6.3216   -6.3216  -60.1591  -60.1591   -2.7661   -2.7661  -17.9386  -17.9386  -33.4873  -33.4873


SIGSUM =

   12.6812   14.6330  120.5435  120.3457    6.1027    7.9089   36.3196   35.8789   66.9755   67.0558