M11 = 1
M12 = 3
M21 = 3
M22 = 4
M11 = 0
M12 = 3
M21 = 2
M22 = 5
